005 13.8732
006 13.5321
007 13.2064
008 12.8947
009 12.5966
010 12.311
011 12.037
012 11.7742
013 11.5218
014 11.2791
015 11.0456
016 10.8209
017 10.6044
018 10.3958
019 10.1943
020 10.0
021 9.8197
022 9.6452
023 9.4763
024 9.3125
025 9.1538
026 9.0
027 8.8438
028 8.6923
029 8.5454
030 8.403
031 8.2647
032 8.1304
033 8.0
034 7.8616
035 7.7273
036 7.597
037 7.4706
038 7.3478
039 7.2286
040 7.1127
041 7.0
042 6.8975
043 6.7975
044 6.7
045 6.605
046 6.5122
047 6.4217
048 6.3333
049 6.2471
050 6.1628
051 6.0804
052 6.0
053 5.9231
054 5.8478
055 5.7742
056 5.7021
057 5.6316
058 5.5625
059 5.4949
060 5.4286
061 5.3636
062 5.3
063 5.2376
064 5.1765
065 5.1165
066 5.0577
067 5.0
068 4.9434
069 4.8879
070 4.8333
071 4.7798
072 4.7273
073 4.6757
074 4.625
075 4.5752
076 4.5263
077 4.4783
078 4.431
079 4.3846
080 4.339
081 4.2941
082 4.25
083 4.2066
084 4.1639
085 4.122
086 4.0807
087 4.04
088 4.0
089 3.9613
090 3.9231
091 3.8855
092 3.8485
093 3.812
094 3.7761
095 3.7407
096 3.7059
097 3.6715
098 3.6377
099 3.6043
100 3.5714
101 3.539
102 3.507
103 3.4755
104 3.4444
105 3.4138
106 3.3836
107 3.3538
108 3.3243
109 3.2953
110 3.2667
111 3.2384
112 3.2105
113 3.183
114 3.1558
115 3.129
116 3.1026
117 3.0764
118 3.0506
119 3.0252
120 3.0
121 2.9745
122 2.9494
123 2.9245
124 2.9
125 2.8758
126 2.8519
127 2.8282
128 2.8049
129 2.7818
130 2.759
131 2.7365
132 2.7143
133 2.6923
134 2.6706
135 2.6491
136 2.6279
137 2.6069
138 2.5862
139 2.5657
140 2.5455
141 2.5254
142 2.5056
143 2.486
144 2.4667
145 2.4475
146 2.4286
147 2.4098
148 2.3913
149 2.373
150 2.3548
151 2.3369
152 2.3191
153 2.3016
154 2.2842
155 2.267
156 2.25
157 2.2332
158 2.2165
159 2.2
160 2.1837
161 2.1675
162 2.1515
163 2.1357
164 2.12
165 2.1045
166 2.0891
167 2.0739
168 2.0588
169 2.0439
170 2.0291
171 2.0145
172 2.0
173 1.9858
174 1.9717
175 1.9577
176 1.9439
177 1.9302
178 1.9167
179 1.9032
180 1.8899
181 1.8767
182 1.8636
183 1.8507
184 1.8378
185 1.8251
186 1.8125
187 1.8
188 1.7876
189 1.7753
190 1.7632
191 1.7511
192 1.7391
193 1.7273
194 1.7155
195 1.7039
196 1.6923
197 1.6809
198 1.6695
199 1.6582
200 1.6471
201 1.636
202 1.625
203 1.6141
204 1.6033
205 1.5926
206 1.582
207 1.5714
208 1.561
209 1.5506
210 1.5403
211 1.5301
212 1.52
213 1.51
214 1.5
215 1.4901
216 1.4803
217 1.4706
218 1.4609
219 1.4514
220 1.4419
221 1.4324
222 1.4231
223 1.4138
224 1.4046
225 1.3954
226 1.3864
227 1.3774
228 1.3684
229 1.3596
230 1.3507
231 1.342
232 1.3333
233 1.3247
234 1.3162
235 1.3077
236 1.2993
237 1.2909
238 1.2826
239 1.2744
240 1.2662
241 1.2581
242 1.25
243 1.242
244 1.234
245 1.2262
246 1.2183
247 1.2105
248 1.2028
249 1.1951
250 1.1875
251 1.1799
252 1.1724
253 1.1649
254 1.1575
255 1.1502
256 1.1429
257 1.1356
258 1.1284
259 1.1212
260 1.1141
261 1.107
262 1.1
263 1.093
264 1.0861
265 1.0792
266 1.0724
267 1.0656
268 1.0588
269 1.0521
270 1.0455
271 1.0388
272 1.0323
273 1.0257
274 1.0192
275 1.0128
276 1.0064
277 1.0
278 0.9937
279 0.9873
280 0.9811
281 0.9748
282 0.9687
283 0.9625
284 0.9564
285 0.9503
286 0.9443
287 0.9383
288 0.9323
289 0.9264
290 0.9205
291 0.9146
292 0.9088
293 0.903
294 0.8973
295 0.8916
296 0.8859
297 0.8802
298 0.8746
299 0.869
300 0.8635
301 0.858
302 0.8525
303 0.8471
304 0.8416
305 0.8363
306 0.8309
307 0.8256
308 0.8203
309 0.815
310 0.8098
311 0.8046
312 0.7994
313 0.7943
314 0.7892
315 0.7841
316 0.779
317 0.774
318 0.769
319 0.764
320 0.7591
321 0.7542
322 0.7493
323 0.7444
324 0.7396
325 0.7348
326 0.73
327 0.7253
328 0.7205
329 0.7158
330 0.7112
331 0.7065
332 0.7019
333 0.6973
334 0.6927
335 0.6882
336 0.6836
337 0.6791
338 0.6747
339 0.6702
340 0.6658
341 0.6614
342 0.657
343 0.6526
344 0.6483
345 0.644
346 0.6397
347 0.6354
348 0.6312
349 0.6269
350 0.6227
351 0.6186
352 0.6144
353 0.6103
354 0.6061
355 0.602
356 0.598
357 0.5939
358 0.5899
359 0.5859
360 0.5819
361 0.5779
362 0.5739
363 0.57
364 0.5661
365 0.5622
366 0.5583
367 0.5545
368 0.5506
369 0.5468
370 0.543
371 0.5392
372 0.5355
373 0.5317
374 0.528
375 0.5243
376 0.5206
377 0.5169
378 0.5133
379 0.5096
380 0.506
381 0.5024
382 0.4988
383 0.4952
384 0.4917
385 0.4882
386 0.4846
387 0.4811
388 0.4776
389 0.4742
390 0.4707
391 0.4673
392 0.4639
393 0.4605
394 0.4571
395 0.4537
396 0.4503
397 0.447
398 0.4437
399 0.4404
400 0.4371
401 0.4338
402 0.4305
403 0.4273
404 0.424
405 0.4208
406 0.4176
407 0.4144
408 0.4112
409 0.4081
410 0.4049
411 0.4018
412 0.3987
413 0.3956
414 0.3925
415 0.3894
416 0.3863
417 0.3833
418 0.3802
419 0.3772
420 0.3742
421 0.3712
422 0.3682
423 0.3652
424 0.3623
425 0.3593
426 0.3564
427 0.3534
428 0.3505
429 0.3476
430 0.3448
431 0.3419
432 0.339
433 0.3362
434 0.3333
435 0.3305
436 0.3277
437 0.3249
438 0.3221
439 0.3193
440 0.3166
441 0.3138
442 0.3111
443 0.3083
444 0.3056
445 0.3029
446 0.3002
447 0.2975
448 0.2948
449 0.2922
450 0.2895
451 0.2869
452 0.2843
453 0.2816
454 0.279
455 0.2764
456 0.2738
457 0.2713
458 0.2687
459 0.2661
460 0.2636
461 0.261
462 0.2585
463 0.256
464 0.2535
465 0.251
466 0.2485
467 0.246
468 0.2436
469 0.2411
470 0.2387
471 0.2362
472 0.2338
473 0.2314
474 0.229
475 0.2266
476 0.2242
477 0.2218
478 0.2194
479 0.2171
480 0.2147
481 0.2124
482 0.21
483 0.2077
484 0.2054
485 0.2031
486 0.2008
487 0.1985
488 0.1962
489 0.1939
490 0.1917
491 0.1894
492 0.1871
493 0.1849
494 0.1827
495 0.1805
496 0.1782
497 0.176
498 0.1738
499 0.1716
500 0.1695
501 0.1673
502 0.1651
503 0.163
504 0.1608
505 0.1587
506 0.1565
507 0.1544
508 0.1523
509 0.1502
510 0.1481
511 0.146
512 0.1439
513 0.1418
514 0.1397
515 0.1377
516 0.1356
517 0.1336
518 0.1315
519 0.1295
520 0.1275
521 0.1254
522 0.1234
523 0.1214
524 0.1194
525 0.1174
526 0.1155
527 0.1135
528 0.1115
529 0.1095
530 0.1076
531 0.1056
532 0.1037
533 0.1018
534 0.0998
535 0.0979
536 0.096
537 0.0941
538 0.0922
539 0.0903
540 0.0884
541 0.0865
542 0.0846
543 0.0828
544 0.0809
545 0.079
546 0.0772
547 0.0753
548 0.0735
549 0.0717
550 0.0698
551 0.068
552 0.0662
553 0.0644
554 0.0626
555 0.0608
556 0.059
557 0.0572
558 0.0555
559 0.0537
560 0.0519
561 0.0502
562 0.0484
563 0.0467
564 0.0449
565 0.0432
566 0.0415
567 0.0397
568 0.038
569 0.0363
570 0.0346
571 0.0329
572 0.0312
573 0.0295
574 0.0278
575 0.0261
576 0.0245
577 0.0228
578 0.0211
579 0.0195
580 0.0178
581 0.0162
582 0.0145
583 0.0129
584 0.0113
585 0.0096
586 0.008
587 0.0064
588 0.0048
589 0.0032
590 0.0016
591 0.0014
592 0.0013
593 0.0011
594 0.001
595 0.0008
596 0.0006
597 0.0005
598 0.0003
599 0.0002
600 0.0